 Slope = 0.998719
 Intercept = 0.014886